SphereFunction
163.53168815582774
161.69845142447073
157.71769733687827
147.87884115549858
146.61938856947822
167.04267355545733
157.73125040973827
165.08269647477803
180.6532583113321
161.92826815910428
140.28103030492753
163.5654537656055
154.0947957698596
133.07983025460427
129.81089759530255
127.44252824912061
162.38689589769547
154.43418566960602
179.70093231384854
171.96585643034655
145.6816588839009
153.55405782247786
171.6486858676595
110.2703838719437
139.0299423688187
158.48730696624915
152.535619598378
149.31765355621573
137.0183708660059
129.47216050298687
SchwefelFunction
5927.805322183875
5927.805322183875
5927.805322183875
5885.513287404158
5715.648238306924
5715.648238306924
5687.89578258418
5687.89578258418
5687.89578258418
5687.89578258418
5687.89578258418
5687.89578258418
5687.89578258418
6515.254798788386
8174.158641552388
8817.895726264382
8603.587514620272
7967.254552503019
8848.32454682676
7340.263756600708
8304.476893243953
5926.054962419983
5926.054962419983
7144.905207405065
6068.597717643105
5381.701077083487
5381.701077083487
5612.325027016902
8309.897087514477
5882.77060746232
RosenbrockFunction
795076.0235826089
554946.7976883671
749217.9400494036
530083.8832235822
670142.3418405292
684378.8450102733
460402.6808824381
688319.7063465388
827378.8945370925
533076.9218286178
645711.3693702765
454383.6156653444
571256.3277695336
636545.7551610472
690713.4196441161
411654.76383369265
583806.7123904997
507746.6289860963
606511.238172368
810497.4140880097
694983.0584420159
385128.3414373011
345107.7003203914
638448.2977600091
474825.0718941527
771724.0586676495
661622.6190275245
631517.9300915077
732568.1307176242
642501.216640394
RastriginFunction
106.9060483202806
80.53720037014924
115.96828504776309
92.32678955552666
91.63291163888346
67.36358115611844
86.41096092114007
43.58946566909302
99.72008682592822
106.78053710427555
90.75818713277832
118.03245287552312
90.9606033947901
88.05912267543033
111.97115844257738
84.23799153530717
108.14365843559143
85.11084909968
115.45933877546032
82.00070415565915
99.8121005127273
77.18423823606749
97.20516852910076
100.45616962014013
93.57055551897709
88.98882629370962
92.27334471542345
96.79200891085179
69.67907556831778
66.17721919958859
GriewankFunction
515.0277771449491
451.62071430409486
504.61531540143005
498.9735084312728
546.754379473357
518.9528105061445
578.9110539743903
616.177188944629
561.0808496789831
527.2238938285115
556.0135313513322
498.5563837488594
521.2364620149461
497.0253421619789
470.42290026227363
492.1360486347239
604.0349679944773
549.1329532403502
483.3480614429443
498.44322442157267
523.993800961751
491.74374636978894
566.2584678230115
540.2809033388049
475.38931307724084
530.3494181289328
476.96466635409706
577.8842323694469
492.9843425775435
524.8387578399794
LevyFunction
237.02700341471876
167.8938744691639
273.5022790099907
209.23154766418048
201.18616010303646
267.43767387124694
246.9138721178876
169.80680004614956
197.0445054633447
239.70377589979287
184.51128034387656
256.6565188173265
223.84865212612445
217.05718892170808
220.85575617574
231.29915751916892
208.6801577361061
165.5249522883977
225.1606656704998
268.9445744453946
211.07730414566473
227.47720115526153
173.8871354356814
230.31161166059272
244.1070337737671
214.29439169392575
222.83596158135114
190.44562061493448
250.5531476955482
223.66644317415737
MichalewiczFunction
-8.76874700705292
-8.388765360216576
-8.388058256348518
-7.393760860952879
-9.245548542942272
-8.398719587791032
-8.124337071413983
-8.57346403143325
-8.222637596690324
-8.72555023683967
-8.014107353761498
-8.559250865660085
-8.990325280428909
-9.452171930380214
-9.459525072980808
-9.422641950161989
-8.20780367162879
-7.962687941560543
-9.09005043381196
-8.103349931554758
-9.044203042078935
-7.69279894022545
-9.49460294662099
-8.592347519522795
-8.659411792748259
-7.8111553849717845
-7.608610624092545
-8.88075073140632
-8.449875604581324
-8.821900923410416
ZakharovFunction
413.7348254415786
460.1216597788807
482.7043175983023
537.6867731065821
500.82133457990585
521.3575620790737
497.68489151965554
482.9518121081933
447.75738814276326
425.51122382769574
397.399291799225
540.1176876952516
463.4432225298888
516.9604799068885
482.5477532280551
565.5124120122867
454.9518383486014
520.0146088326611
427.0839502893953
471.9186476143284
452.433807145962
386.13092967702534
562.4026870347165
471.7152809371982
417.60080835317547
526.7196678481941
485.00920988217683
558.5886456269013
525.5786492254666
475.6147903281345
AckleyFunction
1.7182818284590446
1.7182818284590446
1.7182818284590446
1.7182818284590446
1.7182818284590446
1.7182818284590446
1.7182818284590446
1.7182818284590446
1.7182818284590446
1.7182818284590446
1.7182818284590446
1.7182818284590446
1.7182818284590446
1.7182818284590446
1.7182818284590446
1.7182818284590446
1.7182818284590446
1.7182818284590446
1.7182818284590446
1.7182818284590446
1.7182818284590446
1.7182818284590446
1.7182818284590446
1.7182818284590446
1.7182818284590446
1.7182818284590446
1.7182818284590446
1.7182818284590446
1.7182818284590446
1.7182818284590446