SphereFunction
117.0384708996947
126.3550443306119
123.55204965998603
110.98729207847532
134.72467902235414
120.78831705290668
120.52864332628351
108.6431577601952
114.89384841306745
102.13701476905467
129.3287461876412
148.06724878327597
118.05461369958455
128.7239939406215
118.27975602223809
114.21771088773636
128.91282901302972
100.00822242012958
99.38298287669797
121.19938772280638
129.20248391226264
85.37732497189985
121.08032710267749
116.27642552464461
104.05926584578393
127.49197748916924
132.87952533941453
110.19829575950186
112.56852227302223
101.0155976472074
SchwefelFunction
2459.0251739339164
2670.053177452539
2130.1138654960832
2321.1087915882745
2689.1852393293866
2207.3322875900194
2667.6969304546164
2291.109238809573
2732.933426179752
2289.432052957345
2492.399020493551
2480.5450137864664
1749.8077614422382
2012.4288609814248
2790.375537576787
2206.8906368001535
2774.959426880161
1848.6269081924347
3222.6626635293305
2926.5048368001644
2412.7172805022747
2513.657711537662
1536.068530439119
1975.4814801142784
2226.82316213983
2219.5037746348553
2596.523292697082
2822.911843612468
2310.6202704036477
1962.5466731250126
RosenbrockFunction
922540.689285806
320505.4581178247
1131100.66142934
857928.2507283668
530621.4400032181
702227.9201137483
748217.5339951578
754224.0533280042
672329.8052984327
762498.8197191503
858540.5947030359
1094494.1098852458
830261.2985697198
881905.2507138896
508839.8218933355
734213.6794192366
853897.467829808
796828.148958156
484507.14108232444
963124.457259412
781692.5944688405
669925.7037909969
622631.3386614966
576908.2980837377
1130433.3721011055
872624.1722459403
1066605.7277456485
905109.4187172331
425036.414550287
596517.6945898976
RastriginFunction
85.36325584296486
107.9360543005758
74.05071204747928
94.77798938635351
99.82522966806403
81.46301084709323
81.9765981066614
76.03747538934951
66.40520326534485
61.96005570830193
79.63208595893451
109.38801323799106
97.5189655152343
93.90888479017102
69.13854339624751
82.48779143869335
20.09051341283273
96.1270309076634
110.88495090858483
124.10098821074287
109.049918471279
84.99360331870312
92.49798090463338
98.58623570197949
49.27385928153978
43.65917098141888
93.53392111026301
84.26288583476126
55.237552218339864
71.2576545243209
GriewankFunction
439.91082045214216
429.8652179390747
354.16870767501234
409.15406690980154
456.0480642572292
514.2068244445807
433.89627768113996
266.3654842395168
391.1128646911634
419.42257793430923
335.70872287881974
397.5351686923552
379.004436858333
424.9572316527715
490.09497841579997
393.4626877390644
405.75709805496837
427.0701781856313
349.7963816138363
387.50038194674846
407.8439087269191
385.93006216141066
261.267749044764
431.3849317826155
442.01161138992575
405.3302151009746
419.22811794461626
429.9604924624638
403.34276636238263
378.5038655538048
LevyFunction
156.4922950905695
139.5962051325406
168.74548702460842
143.92538938660581
137.46232538773987
188.32440974623054
140.53028352354985
109.09826734809904
189.90376790276682
129.0266326242514
146.56510603293017
133.84115447166545
148.2347295381153
140.70716091122057
120.41171443886493
153.20761134503996
136.20907905823813
157.56590922916774
119.44897045485129
133.99548712819865
144.39087167752268
130.76368384671017
132.82215024535805
144.81839110449783
142.9480516602939
172.4851169337714
156.28175574593567
160.42961161423324
147.15501218805989
168.12121517320597
MichalewiczFunction
-6.816248454328876
-6.918224451547353
-6.808624347179816
-7.654414541626611
-7.380512274965674
-8.610086447136421
-8.999423555845627
-7.8395994615192865
-8.099045000292524
-7.8797031858579984
-7.438836469398887
-7.025191473678586
-6.163066203154271
-8.476494971116091
-7.999401885683436
-7.056161841724804
-7.382812761363538
-7.706484644269196
-7.711026086952347
-7.53665470189944
-8.603675991344282
-7.387791349993112
-7.117434683355766
-7.020272772654002
-6.520005101434173
-7.003814327621601
-6.738221780380424
-7.816542994179992
-6.816538744423218
-7.15843319454501
ZakharovFunction
646.3283526770216
386.1969035353822
410.4785805205601
498.455848564046
365.9289901022324
648.9834040930849
464.89730796543427
348.7595091067003
666.8784271369492
488.87757138706706
588.4473313015218
619.4688337827764
386.80673022188967
650.5958522408079
503.4105764092667
480.60178875291786
377.018471570721
624.867884407479
426.8249072609584
625.2398926452723
417.25506420186093
374.7968445405136
255.24791295539228
566.018696609569
489.300505059847
341.482712461076
355.3406310627973
399.5336652120523
471.44778058626616
436.34318217512373
AckleyFunction
1.7182818284590446
1.7182818284590446
1.7182818284590446
1.7182818284590446
1.7182818284590446
1.7182818284590446
1.7182818284590446
1.7182818284590446
1.7182818284590446
1.7182818284590446
1.7182818284590446
1.7182818284590446
1.7182818284590446
1.7182818284590446
1.7182818284590446
1.7182818284590446
1.7182818284590446
1.7182818284590446
1.7182818284590446
1.7182818284590446
1.7182818284590446
1.7182818284590446
1.7182818284590446
1.7182818284590446
1.7182818284590446
1.7182818284590446
1.7182818284590446
1.7182818284590446
1.7182818284590446
1.7182818284590446