SphereFunction
0.3165538638173534
0.24199977730829864
0.3075387950626849
0.3121415544548458
0.24678224537282095
0.3992562316301046
0.44654930934328924
0.449226119349942
0.5372877254026879
0.27036550350037414
0.3237199316365042
0.47993973594471395
0.3449161028720472
0.35269792369106034
0.21478232101405617
0.39378459523220943
0.4850220726985009
0.42760108586715195
0.49358172402552486
0.4769355161872165
0.3671233823105196
0.41922324428925617
0.3036272647436272
0.3223339779627431
0.3279871844483313
0.47286446626369555
0.25780576183062914
0.2631968077966106
0.38563420688097183
0.4741653562073519
SchwefelFunction
6936.171808600684
6807.598305544795
8468.425077850234
6272.1208076686935
6927.57782216511
7316.906461654609
7914.324892541307
6506.128919905952
6539.629992190357
8551.82370899877
7242.506134102712
6391.315758419954
6853.853189340465
6552.2116765794735
5831.277778855905
8418.674349885116
5876.948071944624
8456.48337515441
6787.77709261608
7039.374109357952
6505.08952451309
7125.624450302904
6654.429001008792
7687.885403483365
6789.691685531799
7455.278459141694
8118.75767623755
6507.267145639566
8573.813449708534
7377.139049911593
RosenbrockFunction
625.665388830816
991.7581421111079
616.2538072521821
849.8074460880425
842.600754441524
1482.849883344178
3218.5822310186027
561.1836022474461
538.5629643956833
1457.3768718131555
658.7184267738883
558.4899723051356
826.6835700236788
853.4631266806817
1188.281416267022
357.86327795966184
557.3684920712936
424.74051231519456
1312.8891137122378
606.6058894995439
1474.14313199383
972.0111069133832
1979.5372959743656
305.64259256034603
1031.2821793552014
695.1906994000584
1148.827662788294
1464.6391445930649
1499.196933064863
440.83637811855647
RastriginFunction
-194.29163824047598
-220.13547590532545
-233.90909026189667
-214.86387866823935
-219.17797215015284
-216.6458803642486
-181.94106415225545
-233.15598760866294
-222.70532281467177
-203.14551780764035
-232.30533329858278
-215.0214651904307
-226.25142886606338
-243.19467741303714
-180.2769768767179
-196.20066584037923
-226.6890449846345
-225.75283326334016
-186.32553204024072
-208.6425251044491
-187.95826561645757
-189.63361119504398
-209.6188380772307
-201.53674203013844
-236.28729918652385
-228.836706869466
-207.85733565401335
-207.54282310082925
-229.69445202385361
-217.86221836051197
GriewankFunction
2.649291880891579
2.483763612556027
2.9789403976882074
2.181478274325661
1.955736942938624
2.8477755425109805
2.360968638011814
2.0149039714216928
1.9493143503179826
1.5876713906768773
2.4139386043522455
3.1060529037957
1.929747790705064
1.9899137785376713
3.5923464877934137
2.436377196495423
2.448724545243465
2.339328431145179
1.9759052083911586
2.0707101354185307
2.6087192186771033
2.261343923140486
2.483181457708988
2.059374733640701
2.063544264021016
2.9564840178804666
2.301720626824493
2.0483079363870487
1.796400931498927
2.3995981073022277
LevyFunction
1.41598872164147
4.052254037659107
1.2365525146124363
0.8699368926064772
1.2822586528109499
3.541238889362722
1.8135396253659892
2.5925555867098713
7.230171891411478
1.4820169303320996
1.3426249228862641
1.4275885956538987
1.64508775927943
1.8405311813438383
1.2299688887045546
1.690678836932272
4.1284801443633095
1.3158124922225254
1.4883922358782584
1.3701853111837827
2.090201748805987
1.4395186189775566
1.3983229009928606
1.5161905008471939
2.1498107354150955
1.2489727074000248
0.8463551902303307
1.4807480375592676
1.0425946201802452
5.812945282189756
MichalewiczFunction
-14.715280989261174
-11.136395225473365
-13.399942275433741
-14.362816179968984
-12.008002990903673
-12.11632116366637
-11.966915983262977
-12.568782843280976
-14.830589591990046
-14.830663215497234
-14.682280208274646
-12.704082633023049
-14.135047828797537
-13.506947533629006
-15.430918059295553
-12.628679386087459
-16.36255111015622
-16.467695358836554
-13.329971268264142
-12.546717384373776
-12.019153538865282
-13.25201841431714
-14.98094162423759
-13.82899113716223
-14.800945087392721
-15.317099876563852
-14.194332349048498
-14.190328750503967
-12.49622595272844
-16.690468358543562
ZakharovFunction
141.68029943086933
40.71904809598462
36.86287111137087
121.08970128604882
101.77947889871669
127.33867969523435
19.48681198392051
78.58459361572912
129.81436145989616
53.54684716043529
95.43908878932669
72.35793588082831
59.24622122252715
88.21551543104526
49.28654087676631
95.59246489889888
86.86947046635416
118.67948931670824
86.59745431084536
144.58179504705328
90.58720188417604
40.24905253021909
205.44290368488177
72.28695279097413
48.688390418085916
188.27541896751333
87.26826733989348
89.4374514919921
93.08410403318874
96.43805567973365
AckleyFunction
1.7182818284590446
1.7182818284590446
1.7182818284590446
1.7182818284590446
1.7182818284590446
1.7182818284590446
1.7182818284590446
1.7182818284590446
1.7182818284590446
1.7182818284590446
1.7182818284590446
1.7182818284590446
1.7182818284590446
1.7182818284590446
1.7182818284590446
1.7182818284590446
1.7182818284590446
1.7182818284590446
1.7182818284590446
1.7182818284590446
1.7182818284590446
1.7182818284590446
1.7182818284590446
1.7182818284590446
1.7182818284590446
1.7182818284590446
1.7182818284590446
1.7182818284590446
1.7182818284590446
1.7182818284590446