SphereFunction
114.72594003703472
132.7222954555333
124.8697739104403
121.8218073894042
113.84848631456659
124.23798684997206
115.94832623992146
98.53186408905678
142.26606192620957
123.55328314387862
121.93445948913461
101.93237007515425
120.4421325101309
112.60037698996342
107.61898679138298
125.861653091281
143.97344913986976
118.04342550608432
106.90558954407385
124.02119313435163
124.6317038313777
135.09508749738475
100.69243819745502
122.00440540609374
113.40914471336349
137.9129450444281
123.25709121968737
124.93945707529818
134.2869211410247
112.05127459756713
SchwefelFunction
1948.6450369285903
1782.7324489626553
1749.4053116903124
1665.611236033401
3236.0862155008
2544.2294012740567
2191.175368620383
2802.548436982541
1590.8802978552958
2735.778177776505
2482.979856644537
1971.997704674117
2802.7886823568024
2088.8812592140966
2368.116707551975
2884.9271115405354
2368.7170426691064
2804.2778080815824
2495.8121442422234
1995.934826526558
2214.63168313208
2713.314202685211
1897.8421705550627
2012.5110859257347
2054.3513458444813
2954.9734476926205
2220.2724364394144
2653.435496780061
2898.5558068839837
2165.2105690745757
RosenbrockFunction
967709.6370618306
746485.0265740802
733920.558688716
909847.7422201498
950929.6367746156
620474.5341583642
342928.75466290914
610503.7606259385
382124.31872373587
832833.1542816993
492999.20317646506
522841.263155436
366962.70539442205
697434.2370445082
1009561.5267488464
734226.5606546031
911563.1456981299
622128.8490785023
644236.763738139
775031.2458639487
525782.2285915184
896897.3292940669
672888.427695158
950654.2263559183
892556.3380751286
373802.44218376325
806122.9420419289
693166.072289084
800147.4690391767
971478.3733036744
RastriginFunction
87.59419853156375
73.02190256498767
58.23841847775253
85.92211891181552
90.1978293224425
63.84219956371225
80.67522576553758
114.77178538887752
107.85858046714927
80.71977092765381
82.06154194381337
74.32923526337575
67.0040650930323
85.91643877183719
70.14339180977785
73.38201703620592
79.24331408480843
64.68514691222396
68.2159484349595
120.20390813289069
39.955697349054084
98.32612627073708
73.45882698308272
80.11825527382452
64.41033363426925
74.33774603513578
92.82283639929287
46.940550721302216
61.5021457368904
90.02755224293782
GriewankFunction
411.15400283494597
429.2454340263003
422.2961718745572
358.56031085220485
418.35223439712456
337.10188441185727
420.9070934759706
434.85187973312503
381.9877084917394
399.80729115128156
428.0404570585231
418.1211427131897
455.81512732024163
362.5645003822158
385.29681569438384
413.76767050741313
392.19725359264595
380.89532605994765
477.1975378817246
447.43889008476197
374.36369938497387
358.1701676510883
435.09916394278486
441.44186953222317
392.6861728977215
343.0625929358072
196.41629895032008
376.70012146404844
403.2961988307674
413.6755876299616
LevyFunction
159.75307662512378
211.74668027754518
123.49695643081452
121.20952169676997
124.84755622078741
114.05102891638593
150.51212231181603
135.58900326805272
134.51792234145876
141.02212969344717
146.73738146405054
113.11277060312901
156.10111065808206
163.467978566982
153.65986328406643
127.1853976517791
142.0433828653446
150.30812076016974
134.50877296289514
164.92688921138765
145.1587784950957
163.01379398868218
117.79114597006826
154.5715426444569
174.01977791385727
151.9937318436935
167.6870479725163
141.1886764924497
149.47603672282597
151.3471417332201
MichalewiczFunction
-6.832674946284972
-6.930825296325116
-8.384500486229168
-8.504225950589678
-7.399443100165573
-7.334949032148264
-6.9441236462163705
-7.192514250350366
-6.82309443158377
-7.8272647404023585
-6.980432917477052
-6.9729826067576015
-7.1704798054674885
-8.036316121080926
-6.900487037121361
-7.81911457235079
-7.968673457043815
-6.937002941663493
-7.228900486194179
-8.55810524698519
-7.0156227475423165
-6.601979529011787
-7.568701719886437
-7.594588625975806
-6.478851088357673
-7.459940199868283
-7.05156648912445
-6.007139403912732
-7.510758290221112
-5.841204908322667
ZakharovFunction
551.7190767897844
380.2821954161384
377.1619630408494
485.279980592627
529.0930072676083
560.6202117001717
588.4999444439263
530.2125791200315
413.0951781867518
491.1411375353322
442.3985937026501
303.5461942484531
500.23058185390175
411.57433355348604
444.7362745213877
397.9326173051594
465.34082505004085
462.1511236479384
630.1654529797149
569.9405032839122
450.10141074367664
628.9031173529615
595.9763299458953
682.5361415427353
360.48711515328006
507.83209292509457
479.3726699946609
372.6981660668675
634.419113368854
450.5574728646519
AckleyFunction
1.7182818284590446
1.7182818284590446
1.7182818284590446
1.7182818284590446
1.7182818284590446
1.7182818284590446
1.7182818284590446
1.7182818284590446
1.7182818284590446
1.7182818284590446
1.7182818284590446
1.7182818284590446
1.7182818284590446
1.7182818284590446
1.7182818284590446
1.7182818284590446
1.7182818284590446
1.7182818284590446
1.7182818284590446
1.7182818284590446
1.7182818284590446
1.7182818284590446
1.7182818284590446
1.7182818284590446
1.7182818284590446
1.7182818284590446
1.7182818284590446
1.7182818284590446
1.7182818284590446
1.7182818284590446
PS C:\Users\sebas\Documents\GitHub\Bia> 