SphereFunction
1.8531119847247144
2.2775496601613603
1.8802418759000032
1.759027464329714
1.9439266733737657
1.7550386927236556
1.9897670403881436
2.0795489944370025
2.9486354104538255
2.8054891054579
2.6033279476157354
2.1876355432370667
1.6447343734347502
3.025750205238843
4.332578946931615
2.89156978261968
1.3698152148256928
1.5724837125006206
1.3397659790489798
2.490171292877059
1.578538403347479
1.9835664386797118
1.5854701933274533
1.5082578080074083
2.85459319722591
1.8458907979395127
1.9651272836201386
1.4422235775803478
2.4185361040303257
4.109680809040974
SchwefelFunction
-156804.7709663059
-55385.27787852685
-19812.48476628169
-20174.345374138655
-191345.57958844164
-502202.4634230582
-73905.62369398109
-34764.134446745025
-15496.444117472363
-200634.05830862033
-36027.59910956994
-119844.63651277433
-152898.96374383062
-87048.06887105257
-46594.30900722857
-306782.10564438294
-8988.039825132071
-574378.8978983896
-88945.28003931665
-55365.71408628842
-69224.38768917735
-290872.79514242144
-91659.8567256802
-260229.69372980433
-33951.57238799844
-95094.27449860256
-29142.199288793847
-32935.77300505256
-87693.4972616589
-37522.54930446682
RosenbrockFunction
591.4974512182117
666.627031678305
506.0579751386732
798.5216302010583
1580.6897529700952
973.2547511380452
1208.6987124065743
600.9673238282792
999.0179674022058
967.9559441450269
692.1599006053748
960.7377591169296
965.1593635331716
792.7344617722309
812.689044843787
594.9322989494772
650.4996501246314
2508.5298620345616
930.6007180629256
1055.3698854057516
687.1989961943459
689.0241885151979
730.8684762773548
1351.5897420220938
724.0191955289013
615.3937358105823
813.4421287140561
1145.3348232373908
1227.0915410704492
468.8178846432158
RastriginFunction
-75.9807901422903
-69.90729633851873
-78.70333280661924
-91.71319223391245
-65.52127247435718
-99.87983765541932
-62.73198104518404
-76.40732072304012
-90.17436473667172
-43.082012644480685
-108.76107531100747
-100.3134344121157
-52.02680199852426
-46.085678935719564
-68.65849822027602
-66.51035760277409
-56.222712203391524
-49.23280911676484
-56.88406010590792
-42.6813229662377
-58.13778953265958
-45.012480807201186
-75.58845220801044
-78.75337055985754
-62.951785188472456
-55.70518478122443
-66.3542906791135
-77.79455209227064
-61.32131558993004
-55.52328027451395
GriewankFunction
6.496131749211761
11.517637099980009
9.011088609572246
5.766467056699617
6.781642717618094
6.488403659726805
7.407292397230383
10.111755919270363
10.523601583292601
8.498310631736958
8.210142617740068
13.94200585896037
8.123917827537202
6.891413407873391
9.838484611202851
6.61793215021362
8.82551630683408
8.976422788341063
8.081073831050949
9.275791661410086
7.106920685287136
5.7515462051446935
7.190807598318207
5.425327475217389
6.039994913677155
9.087163627080614
11.172164009875427
15.494522515787098
8.850183807461079
9.378175304163431
LevyFunction
7.74620216527417
12.34991496507825
3.0240743793785176
7.16020875441414
5.086831019240301
5.347711556927565
5.841599629304269
5.937405298382157
3.907826848969133
10.701846203259144
11.31581805979016
5.663362136753334
4.494007554143196
7.642710931690744
5.12700655730662
9.402033435888772
5.336818997463822
4.478743614877299
4.288074550288262
4.874905619212241
5.341059442549347
4.221247713940117
5.614375060847054
4.473692313512182
4.096930577693262
11.418116077579803
4.496536990789188
8.72241210007306
3.290746073811476
5.7919220309147725
MichalewiczFunction
-10.485269975554978
-11.662938964365622
-9.725395896867777
-10.259878860482152
-8.74078611740063
-10.723613170257835
-9.58978386644731
-8.868737883799424
-10.84711381736088
-10.481951687611124
-12.676096504129566
-12.981029207927643
-9.225264455918541
-10.369605077220864
-9.887966690100747
-10.102361513100627
-11.531856598585815
-10.323686864546584
-10.350284168784345
-9.381911388221488
-11.147163544462533
-10.974875287684855
-10.313989444484479
-11.34992887258987
-10.786864914562189
-10.760531644483956
-11.299874764142507
-10.457811199180533
-10.052022183198318
-12.779402725059287
ZakharovFunction
35.9836703532529
17.0809925120414
23.036797639375266
28.579903240902432
33.561238901237644
16.682025885396317
25.80324224356207
22.06218135706544
31.32235980940454
25.92807527276398
15.36723188347342
16.631493300902573
29.965471048196758
30.599529185351336
34.40451851681249
22.356011384482727
41.72358768651984
38.84911703429083
28.735729146828547
38.177245374991756
30.785655194169255
25.05750595249019
16.395539378319327
27.09631815517997
35.397813151544334
18.08005631469786
22.516469664675054
26.525856198025025
30.560757228978893
25.711332327613327
AckleyFunction
1.7182818284590446
1.7182818284590446
1.7182818284590446
1.7182818284590446
1.7182818284590446
1.7182818284590446
1.7182818284590446
1.7182818284590446
1.7182818284590446
1.7182818284590446
1.7182818284590446
1.7182818284590446
1.7182818284590446
1.7182818284590446
1.7182818284590446
1.7182818284590446
1.7182818284590446
1.7182818284590446
1.7182818284590446
1.7182818284590446
1.7182818284590446
1.7182818284590446
1.7182818284590446
1.7182818284590446
1.7182818284590446
1.7182818284590446
1.7182818284590446
1.7182818284590446
1.7182818284590446
1.7182818284590446